$ANSIBLE_VAULT;1.1;AES256
37613133303438633061313530313238616332633230623739626533343762626139613438336135
3036363136663164653266363263663833303065393564390a653937316331653538646332373038
33333366633633643231333635336437626335373964656564376634623762653232303034306334
3461623030626636340a353233386464316164373664613461353337366464393931623662326133
35633932633233613734633163666462663066303864356463396438393262633537343263336462
64333138616266376231663763306666613766336534336435613862383632643966626265326134
65383330656164313863373530613936666533653634386666663738353138353163323966353833
65376362383962383730646533323362343730316230393536663937353764666335666161303934
36393865316131373964613961626164353633333832313734666335346432366465663066396432
38393230373436613734343366323439633939336333333634613138303464613535393336343534
35366138396461353239383466643439393365666366633963333036613330373839303139393135
39396262363462613335323932363866666430633133323938323731356238313832666432646632
39306165323064643135316238623930366537393665393236386665373463663862643633386334
31613437323964356664316564626233373762653537646466396437666266383265316430663235
63383635333363663061623364393139656532663635633531333138366136613836383161653030
39333336373761353262343835643030353161323331303635353165393734356331343566313530
32326332613634643961386131343235343432303161393930666430663866366361386163356233
38363930353133373765383962383864383862343239396666323339306166663462626539616662
63353833363637633462376632323561393235376362643338353935323565363431303537343563
35636563653631386464616363633537316130323062666637373431346130613735336638396461
66316435383464396438666537313332623432343338386538363637353837346365356338373538
64373137326530343237373863663261646231363266333233643061653234303331656430643663
37353136643163633437366137623063386465623734623433376133313831313464643430323062
62393136343638616434613133323331343566343737373437383234646538386666336536396433
32303533633239666665396136626462386130313263663961616234343139303334636635353462
39623532373837306164613434303764633532383132656534646234386338653039643964396634
62626564366434646634626538333234313532383465376639366536663430373631636266613264
34386336353463383133663030383866363936363234346334656162353636323233323138313632
65383064353561303238383965636435363066313463663136346330386234643462393239363439
36356538313961623438343936336266343366393637666336656265353836653036316161666636
32646165383235653561663833323262356133663836636239663235363430396431323836386639
63353631373337613234396332343866396530613866386130636633356632303139363233666566
37353533666639653166616235333138363037653665323765633434666366316135303766636639
36346261386232393238613439363963363035383633633330336136373037356130343439313931
35656339386361363136666630613937643262336337353537373030626233653838306333636161
65323331353534373063643835393239306365323832326531323832356530386439336336333031
37366635616133386433643434616539656664353832633339396636306637313436323165366562
39343932306139376437613135643961663666333161646463343861343361323537623831363433
61623235373261666338343338353933373266323961386361313565306337626430613831653139
64653139643938353935613731653938616537356566656464313639336565666632336462383262
34613837623931333966626332643864303766326539383633616434653564643764303037396333
30373035626262373664356236363736636430373238653531313264636639316439363338666139
33663734613662666137316537633536363065323763343432383230333938663837653235383838
38386464393664316132356364626534393831363430306264326631653135333836323466373439
63383633316436623731353933366539303362616237303763663262303637633065313261313232
61343637386664646165653934626234386534386361653330336334373363656337386630333466
65363336376239643636336564303163383536626166656638326161626639393966393163336339
35386464616137343630393832386531376535356562386331323364343464363338333935306230
39373166656135303031323532336262313466323832353364623131623737623131316539396239
36623031353063313064623564666663646563616235326438363434373661613935633538386236
31613730616563373135356236346363386235396338336433396639626430336361356461323830
31646661633339303861353262343431633036336131366536393839666266323731636665656139
38613239363963616431356266363466626233613764633938636164343039346533616537643861
35656639393533643665343038306531366233303034636536363835643639306166366436363363
37323864373463663438376361653863643339643136623431656166626639313766396162323338
36383537306135636337643233646536623865326637313230323031303635313732346236623466
39616439363035646235613865653230376134353064656465303335343430636663633637363065
36623532353437363066313635623536353430653034306338613937366166393736336661303337
30396131326163383135643965393234643233613038613034363335353330633064616234376331
34393539323165323161366331383339666431323162646264366132666430343434316437646235
64666463646432356165383565373566393933383635323362333433623362393032373239356364
30613131633465653634643537333838656532633630326565643232623839366630663438396136
32643736326530656535383030373132656162386237643036616262313237303735373866323033
62623861666631373133336261376465643164313433623938383031313937346136623234303061
61333932353130353064373833663037613566383863336634626165343935393631666130316132
36646234363338376661626635656439666634663832613266623636313338316161396636306531
36303637336662373763633838323230393233343966656239383732363366616330656234346366
66626330626638323437643964633966303239326162633663656561316631613932356264323738
32616638656631643865383533383034343230636263663737636666386538363466666635656164
62373664373631376631643563343032393537333930366630663038616431623265653137363532
39633635383139613266633632393066656165363338376264663066313737623338643731666338
32396632313461373461366464643736396134383730323038373061613932383662616662333264
30373637646162323464396331346365343236316261373333623562323064613266653061346230
37333962613066323438333739396331623531383838656431373533313032363061343366623865
30613266343232656330323432616236393863363133313738653163383432323238633330613964
31303863313266323938656233373064316563383739386365643939346139646430666138353165
34633466393566333434386137646333646563386533316134303762376532623933363163656133
34383264616661633465613832396264303038343263373631323064386464386631646138336239
33393165363766646537633564666636316636376133333161316234353163646262633161336534
64303234646463653539333232373536396364623636313863613464646661313435393036626235
33313261663662663430623165626638353832653865343266376530616636386334353831396330
37303338656464626535613833613235373933636631383535663237306237636533643032323030
36373931343163653937636234386265396665396462326632656239613638633934306639623463
61616263306239336662616165393764663830336539353737643333616436373061643038323265
30623063613966633662396237303036303631306136383766333164613965663037393735346531
65366565326166663238363439376331303566373666383235393330336637653239373237336133
66376533353033656638336666326139393934623737396637353364316662633465326539313333
65633966356135356362666232326537643166346632636639623766383265306331663537643762
64333461353936666164336631303765336162353530643332326664353439636336666236346261
64303839643961646233346236326663326531663437313639326132633831353334313461646464
39626639313361633333336665343038396565363564313961306565653063333834346239316630
64336665393434643730376661383066376331643039376235303335363236633762653566313630
38383838633134333139653566316666373366313937646664623339343831626231656330636465
62323232623763333837383336353336326630376365313532666434636330633038353337626534
64646432626566396637373137643766356432336536316330383437313533353664396365376134
38666235343532323231623239623634356539653133646531646337353031626437376238303137
37626365356562383533333132616464376339343064343634316462383237333562336239623537
62353133373934376465306437363732666361303330373136633437323136396133356561386463
36623135363131646661356664653038313039396433613731383031336533356532613265393761
31383236623337396337626363343937363164333934623166623635323464623937666635363864
33646538356639623665353965353436303933356335323939636631613862636562663834623539
37633231336261336663613539356130366566363565326439353939636261613165373736616164
30333439623366316139306433666663396337656636646334656331303863386231376533656139
63343265343561643131336361626362383239303463376163376564666235306333633231356436
35353737323639363138613336666162656266623832396431396232646265383764376438386262
30316461333031363965323265643534313665636366366338366538646330346561623738313266
32356331633561646435343739656435373832366234316663633635353032306431343962316635
36636231363139393830346165396635623166316530383531623432656561643833613665393339
65396561613336326234633962316430303036363937373933623066313865323533633138366365
64343362643933636538636462623961363566616537363136333561383566383965656335626330
65626464306536656464383439663234643537353561386262336564666661326664646536656131
65363633613763303837303363666230383666333933336163323065333332613232396134396361
35386462343933376164376234613362356237623166313662343066646432653339306238656333
64613532336266613335373566316466646235646235383766626539373461616432613039643836
63656137643736306231316563663465646539373532363931343636633633346566356164376263
65383133616430643066663163333564616666323238383732373064376666656531636436393864
63313537313864363936336539303834323431616236633463663038626534333932653463316537
34613062656563386566306566653065363335323162396337376330623731346365663663396666
36316263323834316239336134303331383136396437316637626230626430626666353565306334
65373061313436356635633935373432356135653164386463326563323537623435353966613637
64323431653332643136666264386332356366663639633233633965343265646661626533326236
66343266363133366537383535313534326139623837633961343931346563323634663635303735
39663838653735336465633664306235663538613336643264656634623261343032616562306161
66616334653734366561343663353834346232643230613038663634656462636431663965613332
33623866376564373534306132643035323965363131306339656462316139353937653664353533
66633632613464623764383536303830663061666332383962393666616131363131383234393436
39386565646461613436336339613961306232363664343037323366323061303237313963376262
62303336373932643437393134656538633461656338363366313833343934303462616232666461
36373366613639656639653938636637393665623034666564346437616238646662653336656435
63396664613762626564303637636236663261383964623730666333666463613139666338373031
36643436393232613062623436633961616139323634626236313137613662313833373862323061
64663337653034623930326664356162356633636539306437646566643837633231396662663837
66613764356365646130306562303763316365353865626433333335363765616562363066363730
33633731396661316665393434636235313866386639636134663337346337336636363866363738
30303461336261636362616366653834653262613866663665323939333835343761656538363736
31346264643232326239653965356431373037306561616666383437666162383663396533333539
64333062613763323336623262353938393766363038316266386161353965356332393135666163
33396533393534313031613539383363303665383063353831333464333537393639336138333164
31623634316130363063643931623237376334336230653335383966363931366464313135643333
62353230356433613638613138316333613339353032383934626563353538363030623435646633
31396666363339353764333332653331336436353365363362646230613632353535663730316464
32303363396239393639326437313865663639356338336463343461303162343936343634366239
39393530646237393234363839326234383332656466323134663235363039363330633363393139
64376664616437306338326363373832616430383038653365613361333132386339623134343831
66363265653563323730356263303639656430373364313263373032653534393738613337333534
38626333613935643562363931646237353838323335346530643062396264616665653339356366
31393433323930396364353139623464373165623364326130636362613666613262326663633433
62313662623863356236613936636430326162383663376539636230633563346539373334623332
32373664303863363336303633633534666461646262383962393137373631653965343537663231
31633533356432363939613264653633353635373065313064383566643364336239666431306539
32336235633465666337623362373539623561613039393030303634353139666136303934363261
36343834323532313639366337663362353333316338656633663565656665316534343636633966
32643061666139366134666634333037376438613937663631353662633130363936326661363839
33303131323438343538333165393932323965336266336432396335623934613630343432373930
33316132363561613737363430386638346632643465313564383665366239343035373936636362
30303734393732316435613839623261383265643839623266643237646133356261366439333866
64383636396237613633303862313065613461386337663133386134373463613739373132353835
33376639373738333538326163383730356264663863363337363961623862303939366133633939
39353339643932383564613062613832333365343632303235313939633037653739333861386662
63303066623031353038316163353439646331336461653362393734363336323036363530646161
38346261633233653035323562313735336664336432653230313530653535626561636165303930
61313237623361383038393861646233613161346432616139363032373261343837356536356430
61346631386264306239353462616165323430366231653236356237333761646537326334353736
33616363626565346233633232326436376334323961333639343462383633343538323532623866
31366133356161336261363561343131356635343761343833383234313536373136393539323539
31663735386333376133663566343866666137366165353766633662343935366133333862343063
61353936653837376463623162323035373162303434356339653535636463653061373131393763
38386139346532393463373139336133356634393338616633666338656631303533366536356237
65303766313133633137303563356137343538306534663531323866363965643933643565663837
65316165343962646334663066366466653631336335303663313839366131353961353235366461
32333539333339363934343631613262373663313863303466633238613863613538666635326635
39363434343865373635366336313533383436636662663938633232383364623037313733653633
38613231623661646533643133333163336439616239643462663130356530333132363365666465
38306563366637343137613466316634633332336338396161336265633836303739633038303635
36346364303463613634643164653562313538323532303863363365663061333832366464383163
32383737396664613163616434323263346437623565353263383839376432303133383337343638
35613265633031323463633531303130316165623837356132636538666266313966316535626664
37663031623138353263316432633261376432653232616534323363643437613635323165376662
39653766616431373334356163303933363532336364616365353935343964303964613830626336
36613435353264623666363636666339363431333034616435306235616466666239326463303733
36636166653938653332373932356632386435313166653434653365326431636363386136306338
36643735326438353932326138316362353366663437386265633232323430373361626565323833
32353335663538343931613832343030656466333764353766666565383930373638393735633531
37373530633930623561386164306334393534356566646131336361303035313435313035363437
64646531383063633637376232643664323032656465323564636338323365643531366434623032
38363062656131396262326137656461646230313031613162383461333735643465636530633837
31386334323365313064616336623130343138623839353764636230383230343738663835396464
30326363613734346539316166633732653339306631346239316161633135613966623165616664
35353530356539313232326639316431363938336530633532663866383432326163666235613335
37333131376133373766613536656333646439366133363331323239306330363034656436633035
61306465383533383334393366623832613635626536646664653333366464616266303236656237
61333863323635303039653330333165346139316366656536383435346631306338303865326462
39363965616132313639373166376535383936613438663165623163656430366438396230383733
66613137353465386236663965633261306438303530646539393762346639383233656465376165
64666464393030333264343031306531343730323039663261363030303263633538363132303263
62613734626565303335343636343438383232343437373461626536306435336335643339633334
33656161353933633030663032653662633064353861313462353032373139633036353734663933
30623132616434346563323863626530396635326137613231633165333866356234346538653461
38333038613635623363363166353537323535313031383035376462623531363036393164303130
62363133623461623939316561333761383831306364333562643334633836613065376339386531
66613762653137633762623537646561613733613930353430646132313464323030623562653731
63653061303837326530356634323031643366343232306463336337353338356437313135336561
39323362623134383831653733313432373765656638313538333432343137363434623762396164
33396434666633613635376334313362303733656637346538343461343534616164336431663132
65653764316639393830303435303235613037326530643266303731666630333536396330643934
65313236353636653330663439316438653237663434656436653239643666323331633638663632
36633063363766366531303166393939386333653265326534353963653166393936616664386563
35333762323437346261333631353062643264393862366138343062313564396335333139646666
32316330386166303265353662316638316633383861356638666339386539616139313936366232
31353434656634383838386533313437623132653565323039313532363430306537383232616437
31653363336138343531336661313039663536363063306432623737306261353039353033633362
63383964363034323633643564646162336430336134613264333661666435623632393639316566
31626264353762643239656362303535396533373633656661363066386532636130316335356330
35633537636637653834363663326362643239646639376631653662336131303935623433626534
61363735633864663837373539383435363530363836626437336537343238623134363435336533
38363661353234643534313631393161623363323266343266623637393038363238646630613263
62333030306363626566646533363964306237316137326237613132376237363733383661636536
37383735666338356535656438643837373766666638393132616339623331383665643235636536
65376366353663303661663164306132376331666561353532613036626563613433393138333031
62393732393839363738663639633863663964626263643563323361343234356435653739623433
38313264626435623339303235353239383733646535303866393661393934366230306131393364
35393361356463303531636538363738346138363130326435303132626237393131306337356534
35353432393134653830336661313837383430396232653962303234623838656137613962343536
34386466303032343166313336313063326132393865616366633438383836326665643665313632
63623765333065656231303561356462333061363235633630326661356464376430346631343932
37383438363131363037343263353138636236363838643162346635356666316338653964653437
32643833646162336639396538356231383538653136333363386632306135303034306663363531
63653130316366316632393735356530633865373730366561306632336534353965323365663135
34313035363161623862396233663831663535396538326338336536323763646533306262323732
39353565353939346465343532383161343035363332376633323437303466386238326233646633
37356138663334623930366533656634353331356438663730663363653136613134303130343764
38326666356465623662643963393633323866393264383633323764666131306239346565393965
33383866643637613337356536306463346533316462613563626635633461343064353231636133
62373136623839636161373863643538306261393430366431376634323538333832316666633832
35373435313239663236623531366461656138656630326139643338393664613962323564616336
65633866656564333162653034343539626535353165653033336633643462316432663331366437
64326131373339323738306561626665386235373063663366623564333965613262376165366638
65336531386133646135376362343435393965346266653232626331313335323465653964353164
36643733363431376464343731333539306636623537373765653634663530303763306234663461
31653566623033646436373733393536653438306562363564383335633139636137623963653865
35363532353031653936623031663238303034633938323937393733316135666163356231343233
61663037613331313638363837333365623238646466313565616166303134323933316534646236
31646535333665353330313634643034333762356538633039376131623365626362623733396134
32626532376538653635616231653531626337616135613839636633653662306133666462366435
65356633376237336232643063313865303766393733616535613031363038373263333034373063
32363431333336306266623466633235353332303535393332643761363134636161373231306635
36613666333536323030343965363461633931376536663861313633396563306263366663306137
34316161306333636666656536623461356637363935613163646265363134633631313764303466
33383262646339653066383230313665646365343237346639653634376630386431373464363561
65343230653066323264623165393237626530353866383936326238353733383163646161396164
38323335613866306238393264626664333265333031333831303932393635326466386535323166
35326638666438643966373337376632306132373763666339643535646332343134656139326130
37646133663639396464393432346138663765633332353635353636613766353761
