$ANSIBLE_VAULT;1.1;AES256
65623535663136333962373362613461633566656638396465333763393361373735363035333461
6433333632643264313231393064373763356336396630660a653663663032653938656433313038
64346562653238646161333830613335333438373866396563313464646430373537343637623266
6235393139623233610a613962313039333466623162633638343436316366353032626633323533
63393238616138623830613435343831383862666361323238336439356236373462613232383933
34383933623731373733626634613132623536333436376164306564343664376237306563303137
33633731363334363135613030333765383865633034643431626632333866666134313839616234
61326135653661336165643632376563643662393765646236333466623331613461336334396538
39623566316332393230623739396633356163336363623638653637313363633330303365636130
33373566353861376166333432386663363338343739323265613832633635373231616437663736
30653032383432356633366134326138316338333130363539623733313534373063383333383964
32346164373365353735653437633436353732333336343666373031343438376164376136343035
37363764616466363039393033623631323435346136323338653665616339653930356534343834
34333031666635643762303164366533373666666363636466326362393330363463633064633031
66613439643138383139633338393639333061373165366331653737356266316536613465373265
32303030313839643534653230613161633131363032616664646665346662623063346464353835
37633932323237653432376465333135666632336539353539303837393164616665393934313766
31376161363436636463393061323130613161303638356361306165303363353762383861666332
62633932336134383230636466326432376465373736323661343664663435343831376465653037
39376662636165363437613736323339333661326530323761663163656261343863313733336630
39663337636135653031623837383937323464383134343231346134343637313030393532626332
61383033343136656538653165666231386262656262653439333030363933323866356231626161
34306461323036663532323532623539633265363761333939646238643530313635383837626464
63616435653865623565633164333930636537306435316639633135633763653030373935616637
64346333363562306466383033303731636132613161343330363830393137393830616634313263
36376361333938336236643765326335316136616161363232623233626433323266643034363362
33353634393139336265353064316535306364323962626131323562353835383163366332656634
31613463353033663634366533366133376134323263326466616564373439326464656634303739
34636236353937313239633732336630313063356465396634303538386237336530616331326430
37306231366233616233366464646334383636373832343066323233373038383563643765386636
66353230373033646538383963633864363031626532303464616433666232613634613235636234
63633863303763626137656531383730383736623866636235666661336136353932333536326539
31376433626639393031663230663333363864326537336530663738326132313362306231303433
32336336396633356261306239323861373136633336623831383665613933353165393230646166
31343232376234663539643865376564353233646565623939383865656238323136343035666538
36333537396463633762306665356263356336303965353862643933303239323665613130663863
62396463393636653933376339376635316532653464313564656531356665303336313038653563
30393964363336663935346535373439356264393239656538646332373262343635633861353732
63396432643535333361616530623764313861643764376466616235356232336632306563666634
63343266343438393564356532346164376165343234383930623136643464643464396664613565
32633338346537316434313764623739383339646534666161613766393838323665316532303663
39346162656564363135366435373838313362373765373439396237333066363534623762313437
62383164613164346431333232626562373831336635313237346133633864326336646365326637
33663866623531653237343039343239386433346135656161363134323366313739393765326339
32663937393538313261383433393737366266623432666437303231396164393932306639303839
62333363373931303334303763363737346661616337306237353035333665373131623138393864
33323561313035613463383061643634356131636231326539306566323464323562396135633030
62623861356562316561316132353361393161646561323534393736633736613135616431363964
39333033653732633736383832663236396134633964653135313033396366313038386166303831
61626562343238623064666432663232323437376462373363306161333932363961363832326437
31393363633436636665303666333066383736626539396366376439353864623565663230666539
39376562646364643264313135323162376632333061653766313034623563333430363931616533
32646638626661366465396361383537393032363063663638353931643930363531373161616233
35636334366662623031323166643136396165313165626337313733303164666532326232373062
33316361646135393266653531343062346566313566323764393735616434386264656436623935
64336365336535306338336565323162333063613238336435643865393865333265643161326635
35383561663133336238643534303537643638363461316536656661373034303366363933373034
32343964376636363962353432353230313930313962306435633561643066636633663563363838
39363466653537666561366132613730376162633063333966363835303734353239663663383131
34653832326536303537316161326632646263323730323439663535306433306130613533303038
32633966356261653563373862623835333439363732626134366166656439393836633932366136
37316363303234303033313562623936353665376631326664616663386665393737653436613530
33663661653761333330376134613732396538343032343632326633633639363964306535336334
32663461393763643633303038666539653338633434653361653630383964393961333435663039
66663034656139333730393036623662633031326534373631393661623964343335646466373832
37643034643231366530626334346134613066336437313765343131353865656337326463333664
38396366323338616535373933343635336435386462363262656663343661393864336232646133
31613032323934633832306437323936663132323863646666616435376463373232373866306163
63666563343861613734613765343138633566326665656566303532333933633739313538633937
61356634333062663230306337343664303132643066326363663932333335393035313835636138
39313363343237373333336534373735623165306433363738666536336462366165383666373630
33303963346339393766656430326435386639306164393662343361646336396265323739633135
36306631393763336433386433613561623662383032633033656365613964626563303934393034
62323863306631643762373966353962636263663061313034306232346561326361323266363732
39356632383137313064353663663131326435393132646464386666643635306138326363356462
30376664386638626237303832633166356537613730303433373266376233353162646435656666
38373737316634616630373831323530313530326133393163363534386365663961386337396565
34633339313534623163626337343962303630633133393931633663636230386366636235363630
34383932363931356562303238366433363764636633323562626463656539306637663836636162
61353630643337623437343266336465633834303632393630383065633436343030323736393033
36666632653931653434613264623362653562343136643535343161363866323239323437366632
39396231343563623866346533333530616438366261373038386365313965383533666638616432
39616431383534313461646462623861386365393939616562386235623330306232666265353065
62383439653838336266363230353439393762653263313865626333393765336637646631626630
63653838323932326339343138396261333336663066336136313765663865383137623932626133
64326631353739363235646535363334613137333262616463356264656635303931366566636566
35326134313532356666646536353639363032396439663062623064303061383130636633656433
62343535343635613861643265306165653736656462303361333036336138386136656661616662
32623632373333386230343734303161346138343833373931393861366434333761646465333063
30666561363163663661646638336230343339653931386364376139366534313433323765396362
66646465313063373536346561346135313437623933336536663661633337623131646463653566
65313934623961353561373736366230393161633865336365326537633232613261613062366466
39333232663238333561336331643236653638373631663131353838343163653863396632646632
35353837373562343863643237626138343631363333626635343165313963396363653534656239
62646536393462643831363738636534646339376239386433663638633236353564653766643964
62623736393536393135616466613861356132353163323831343339396662643531396333333763
35303263653833376530636135336434353465383933623666613631383033366539313565643236
39333437333235313063633963343564643634633136646666303233326163396533313938386130
36323066383136666161633362363965383230383834396265646333396561303136363761646661
63393135393431636461353463323961313330333539633664633934383735613431333736336537
31306131666531326639613136356230653336653338643062373430363733663839616538343838
65306166393430633465313934316462653437656430376464636332653234613932336538333731
35323536353933323565616439393161636636316364366430386362656238313063646665383032
66383761653934343330663835393562323737363563363036333266383562306238393639306266
62326161663933353565383432643166316430356638386438663561346463346461633939323430
36346436326230626332336531646266303233653662306630383765653832356265653263663131
36633437373432373863306631613863363934666239386363313864626161643866643966333930
33656331346530343731656365323338663665396436313833303335383662643864666432376364
3638
